00100110000000000000000
00110000000000000000000
10100110000000000000000
00100001000000000001000
10010000100000000000000
00100110000000000000000
00000000010000000000000
00110000000000000000000
10100110000000000000000
00100001000000000000000
10100110000000000000000
00000000001000000000000
00100110000000000000000
00100001000000000000100
00010000100000000000000
10100110000000000000000
00100000000100000000000
10100110000000000000000
00100000000001000000000
10100110000000000000000
00100000000000010000000
10100110000000000000000
00100000000000000100000
10100110000000000000000
